00000000000000000000000000010011
01000000000000000000010010110111
00000000010001001000010010010011
01000000000000000000100100110111
01000000000000000000100110110111
00000000110010011000100110010011
00000000000000001011111100110111
11001110000111110000111100010011
00000000000011110010001010110111
10100010101100101000001010010011
00000000010101001010000000100011
00000000000111110111111110010011
00000000000111110101111100010011
00000000000011111000100001100011
00000000000000001011001010110111
01000000000000101000001010010011
00000000010111110100111100110011
00000000000010010010001100000011
00000001000000000000001110010011
11111110011100110001000011100011
00000000000010010010001100000011
11111110000000110001111011100011
00000110100000000000000011101111
00000000010100000000101000110011
00000110000000000000000011101111
11111111010000101000111011100011
00000000010100000000101010110011
00000101010000000000000011101111
11111111010000101000111011100011
11111111010100101000110011100011
00000000010100000000101100110011
00000100010000000000000011101111
11111110000000101000111011100011
11111111010000101000110011100011
11111111010100101000101011100011
11111111011000101000100011100011
00000000010100000000101110110011
00000000010000000000111010010011
00000000001100000000111100010011
00000000001000000000111110010011
00000000000100000000010000010011
00000000001100000000110000010011
00000000000000000000110010010011
00000000000000000000110100010011
00000000000000000000110110010011
00000000000000000000010100010011
00000000000000000001000100110111
00000010110000000000000001101111
00000000000111110111111110010011
00000000000111110101111100010011
00000000000011111000100001100011
00000000000000001011001010110111
01000000000000101000001010010011
00000000010111110100111100110011
00000000111111110111001010010011
00000000101000000000001100010011
11111110011000101101000011100011
00000000000000001000000001100111
00000000000010011010001100000011
00000000111100000000001110010011
00111000011100110000011001100011
00000000001100110111001100010011
00000000000100000000001110010011
00101100011100110000100001100011
00000000001000000000001110010011
00101100011100110000100001100011
00000000110001000001001010010011
00000000100011111001001100010011
00000000011000101110001010110011
00000000010011110001001100010011
00000000011000101110001010110011
00000001110100101110001010110011
00000000000100000000001100010011
00000001100000110001001100110011
00000001000000110001001100010011
00000000011000101110001010110011
00000000010101001010000000100011
00000000000010010010001100000011
11111010000000110000100011100011
00000000010000000000001110010011
00000010011100110000010001100011
00000000001000000000001110010011
00000010011100110000101001100011
00000000000100000000001110010011
00000010011100110000111001100011
00000000100000000000001110010011
00001000011100110000111001100011
00000001000000000000001110010011
00010000011100110000111001100011
11111000010111111111000001101111
00000000000111000000110000010011
00000000010000000000001110010011
00100000011111000100010001100011
00000000000000000000110000010011
00100000000000000000000001101111
11111111111111000000110000010011
00011110000011000101110001100011
00000000001100000000110000010011
00011111000000000000000001101111
00000000000000000000001110010011
00000100011111000000100001100011
00000000000100000000001110010011
00000010011111000000101001100011
00000000001000000000001110010011
00000000011111000000110001100011
00000000000101000000010000010011
00000000101000000000001110010011
00011100011101000100011001100011
00000000000000000000010000010011
00011100010000000000000001101111
00000000000111111000111110010011
00000000101000000000001110010011
00011010011111111100110001100011
00000000000000000000111110010011
00011011000000000000000001101111
00000000000111110000111100010011
00000000101000000000001110010011
00011010011111110100001001100011
00000000000000000000111100010011
00011001110000000000000001101111
00000000000111101000111010010011
00000000101000000000001110010011
00011000011111101100100001100011
00000000000000000000111010010011
00011000100000000000000001101111
00000000000000000000001110010011
00000100011111000000001001100011
00000000000100000000001110010011
00000010011111000000011001100011
00000000001000000000001110010011
00000000011111000000101001100011
11111111111101000000010000010011
00010110000001000101010001100011
00000000100100000000010000010011
00010110000000000000000001101111
11111111111111111000111110010011
00010100000011111101110001100011
00000000100100000000111110010011
00010101000000000000000001101111
11111111111111110000111100010011
00010100000011110101010001100011
00000000100100000000111100010011
00010100000000000000000001101111
11111111111111101000111010010011
00010010000011101101110001100011
00000000100100000000111010010011
00010011000000000000000001101111
00000001101101001010000000100011
00000000010000000000000001101111
00000000000010010010001100000011
11111110000000110001111011100011
00000000000010010010001100000011
00000001000000000000001110010011
11111110011100110001110011100011
00010001000000000000000001101111
00000000000000001101001100110111
11101101110100110000001100010011
00000000011001001010000000100011
11111101110111111111000001101111
11111111111011101000100011100011
11111111111111101000011011100011
11111110100011101000010011100011
11111111111111110000001011100011
11111110100011110000000011100011
11111100100011111000111011100011
11111100000001000000110011100011
00000000000111001000110010010011
00000000110001000001110100010011
00000000100011111001001100010011
00000000011011010110110100110011
00000000010011110001001100010011
00000000011011010110110100110011
00000001110111010110110100110011
00000000000000000000010110010011
00000000000000000000011010010011
00000001010011101001010001100011
00000000000101011000010110010011
00000001010111110001010001100011
00000000000101011000010110010011
00000001011011111001010001100011
00000000000101011000010110010011
00000001011101000001010001100011
00000000000101011000010110010011
00000001010011101000101001100011
00000001010111101000100001100011
00000001011011101000011001100011
00000001011111101000010001100011
00000000100000000000000001101111
00000000000101101000011010010011
00000001010011110000101001100011
00000001010111110000100001100011
00000001011011110000011001100011
00000001011111110000010001100011
00000000100000000000000001101111
00000000000101101000011010010011
00000001010011111000101001100011
00000001010111111000100001100011
00000001011011111000011001100011
00000001011111111000010001100011
00000000100000000000000001101111
00000000000101101000011010010011
00000001010001000000101001100011
00000001010101000000100001100011
00000001011001000000011001100011
00000001011101000000010001100011
00000000100000000000000001101111
00000000000101101000011010010011
01000000101101101000011000110011
00000000110001011001110110010011
00000000000000000001001100110111
10100000000000110000001100010011
00000000011011011110110110110011
00000000010001100001001100010011
00000000011011011110110110110011
00000000101100000000001100010011
00000000011011011110110110110011
00000000010000000000001110010011
00000010011101011000000001100011
11111111100000010000000100010011
00000001101000010010001000100011
00000001101100010010000000100011
11101101100111111111000001101111
00000000000010010010001100000011
11111110000000110001111011100011
11010110100111111111000001101111
00000000000010010010001100000011
11111110000000110001111011100011
00000000000010010010001100000011
00000001000000000000001110010011
00000000011100110001100001100011
00000000000010010010001100000011
11111110000000110001111011100011
11000110000111111111000001101111
00000000000101010000010100010011
00000000000000100000001100110111
00000000011001010111001110110011
00000000000000111000011001100011
00000001100101001010000000100011
11111101010111111111000001101111
00000000000000000101001010110111
10101100110000101000001010010011
00000000010101001010000000100011
11111100010111111111000001101111
00000001100101001010000000100011
11010001100111111111000001101111
00000000000000000000111000010011
00000000000000010000100010110011
00000001110001001010000000100011
00000000000010011010001100000011
00000000001100110111001100010011
00000000001000000000001110010011
00001000011100110001010001100011
00000000000000000001001110110111
11111110011100010000011011100011
00000000000011100000100001100011
00000000000000010010001010000011
00000000010101001010000000100011
00000000110000000000000001101111
00000000010000010010001010000011
00000000010101001010000000100011
00000000000010010010001100000011
00000000000100000000001110010011
00000000011100110000110001100011
00000000100000000000001110010011
00000010011100110000010001100011
00000001000000000000001110010011
00000010011100110000100001100011
11111011010111111111000001101111
00000000000000000001001110110111
11111111100000111000001110010011
00000010011100010000100001100011
00000000100000010000000100010011
00000000000000000000111000010011
00000010010000000000000001101111
00000011000100010000000001100011
11111111100000010000000100010011
00000000000000000000111000010011
00000001010000000000000001101111
00000000000011100000011001100011
00000000000000000000111000010011
00000000100000000000000001101111
00000000000100000000111000010011
00000000000010010010001100000011
11111110000000110001111011100011
11110111000111111111000001101111
00000000000010001000000100110011
11000111000111111111000001101111
00000000110010111001001010010011
00000000100010110001001100010011
00000000011000101110001010110011
00000000010010101001001100010011
00000000011000101110001010110011
00000001010000101110001010110011
00000000010101001010000000100011
11000101000111111111000001101111
